-10 -10 10 10 -1 1
 7.07098052747597E-0002  5.76305754894406E-0002  1.85521924233285E-0002 -2.88452448122598E-0002 -6.74071508950647E-0002 -8.79203450517707E-0002 -9.05022895892671E-0002 -8.13921799048103E-0002 -6.84908819671364E-0002 -5.82272349580535E-0002 -5.44021110889616E-0002 -5.82272349580535E-0002 -6.84908819671364E-0002 -8.13921799048103E-0002 -9.05022895892671E-0002 -8.79203450517707E-0002 -6.74071508950647E-0002 -2.88452448122598E-0002  1.85521924233285E-0002  5.76305754894406E-0002  7.07098052747597E-0002  5.76305754894406E-0002  1.26375416419364E-0002 -4.16073790755718E-0002 -8.05697798323308E-0002 -9.09741963303077E-0002 -7.42915350862177E-0002 -4.17796982276286E-0002 -6.53697607554449E-0003  2.21047546814646E-0002  3.98712226777320E-0002  4.57909428046150E-0002  3.98712226777320E-0002  2.21047546814646E-0002 -6.53697607554449E-0003 -4.17796982276286E-0002 -7.42915350862177E-0002 -9.09741963303077E-0002 -8.05697798323308E-0002 -4.16073790755718E-0002  1.26375416419364E-0002  5.76305754894406E-0002  1.85521924233285E-0002 -4.16073790755718E-0002 -8.39530804863671E-0002 -8.78605757708328E-0002 -5.44021110889616E-0002 -9.75520434063348E-0004  5.16786593145184E-0002  9.02658710250535E-0002  1.12058624113160E-0001  1.21354197903202E-0001  1.23669780827868E-0001  1.21354197903202E-0001  1.12058624113160E-0001  9.02658710250535E-0002  5.16786593145184E-0002 -9.75520434063348E-0004 -5.44021110889616E-0002 -8.78605757708328E-0002 -8.39530804863671E-0002 -4.16073790755718E-0002  1.85521924233285E-0002 -2.88452448122598E-0002 -8.05697798323308E-0002 -8.78605757708328E-0002 -4.61727331013435E-0002  2.21047546814646E-0002  8.51882352501434E-0002  1.21354197903202E-0001  1.27598635095637E-0001  1.15356136847140E-0001  1.00248125275698E-0001  9.38552283884064E-0002  1.00248125275698E-0001  1.15356136847140E-0001  1.27598635095637E-0001  1.21354197903202E-0001  8.51882352501434E-0002  2.21047546814646E-0002 -4.61727331013435E-0002 -8.78605757708328E-0002 -8.05697798323308E-0002 -2.88452448122598E-0002 -6.74071508950647E-0002 -9.09741963303077E-0002 -5.44021110889616E-0002  2.21047546814646E-0002  9.51366319222871E-0002  1.27914465192362E-0001  1.10991773450110E-0001  6.14676825877609E-0002  6.53930773449929E-0003 -3.27291525069882E-0002 -4.65692496998145E-0002 -3.27291525069882E-0002  6.53930773449929E-0003  6.14676825877609E-0002  1.10991773450110E-0001  1.27914465192362E-0001  9.51366319222871E-0002  2.21047546814646E-0002 -5.44021110889616E-0002 -9.09741963303077E-0002 -6.74071508950647E-0002 -8.79203450517707E-0002 -7.42915350862177E-0002 -9.75520434063348E-0004  8.51882352501434E-0002  1.27914465192362E-0001  1.00248125275698E-0001  1.86864368169779E-0002 -7.49406829542067E-0002 -1.45231376723814E-0001 -1.81639791105454E-0001 -1.91784854932621E-0001 -1.81639791105454E-0001 -1.45231376723814E-0001 -7.49406829542067E-0002  1.86864368169779E-0002  1.00248125275698E-0001  1.27914465192362E-0001  8.51882352501434E-0002 -9.75520434063348E-0004 -7.42915350862177E-0002 -8.79203450517707E-0002 -9.05022895892671E-0002 -4.17796982276286E-0002  5.16786593145184E-0002  1.21354197903202E-0001  1.10991773450110E-0001  1.86864368169779E-0002 -1.03622290260546E-0001 -1.91784854932621E-0001 -2.17184318351201E-0001 -2.01629367435316E-0001 -1.89200623826991E-0001 -2.01629367435316E-0001 -2.17184318351201E-0001 -1.91784854932621E-0001 -1.03622290260546E-0001  1.86864368169779E-0002  1.10991773450110E-0001  1.21354197903202E-0001  5.16786593145184E-0002 -4.17796982276286E-0002 -9.05022895892671E-0002 -8.13921799048103E-0002 -6.53697607554449E-0003  9.02658710250535E-0002  1.27598635095637E-0001  6.14676825877609E-0002 -7.49406829542067E-0002 -1.91784854932621E-0001 -2.10171522935070E-0001 -1.24111881387648E-0001 -6.54070696910480E-0003  4.70400026866287E-0002 -6.54070696910480E-0003 -1.24111881387648E-0001 -2.10171522935070E-0001 -1.91784854932621E-0001 -7.49406829542067E-0002  6.14676825877609E-0002  1.27598635095637E-0001  9.02658710250535E-0002 -6.53697607554449E-0003 -8.13921799048103E-0002 -6.84908819671364E-0002  2.21047546814646E-0002  1.12058624113160E-0001  1.15356136847140E-0001  6.53930773449929E-0003 -1.45231376723814E-0001 -2.17184318351201E-0001 -1.24111881387648E-0001  1.08919809058307E-0001  3.51844907875147E-0001  4.54648713413007E-0001  3.51844907875147E-0001  1.08919809058307E-0001 -1.24111881387648E-0001 -2.17184318351201E-0001 -1.45231376723814E-0001  6.53930773449929E-0003  1.15356136847140E-0001  1.12058624113160E-0001  2.21047546814646E-0002 -6.84908819671364E-0002 -5.82272349580535E-0002  3.98712226777320E-0002  1.21354197903202E-0001  1.00248125275698E-0001 -3.27291525069882E-0002 -1.81639791105454E-0001 -2.01629367435316E-0001 -6.54070696910480E-0003  3.51844907875147E-0001  6.98455998636746E-0001  8.41470984807529E-0001  6.98455998636746E-0001  3.51844907875147E-0001 -6.54070696910480E-0003 -2.01629367435316E-0001 -1.81639791105454E-0001 -3.27291525069882E-0002  1.00248125275698E-0001  1.21354197903202E-0001  3.98712226777320E-0002 -5.82272349580535E-0002 -5.44021110889616E-0002  4.57909428046150E-0002  1.23669780827868E-0001  9.38552283884064E-0002 -4.65692496998145E-0002 -1.91784854932621E-0001 -1.89200623826991E-0001  4.70400026866287E-0002  4.54648713413007E-0001  8.41470984807529E-0001  1.00000000000000E+0000  8.41470984807529E-0001  4.54648713413007E-0001  4.70400026866287E-0002 -1.89200623826991E-0001 -1.91784854932621E-0001 -4.65692496998145E-0002  9.38552283884064E-0002  1.23669780827868E-0001  4.57909428046150E-0002 -5.44021110889616E-0002 -5.82272349580535E-0002  3.98712226777320E-0002  1.21354197903202E-0001  1.00248125275698E-0001 -3.27291525069882E-0002 -1.81639791105454E-0001 -2.01629367435316E-0001 -6.54070696910480E-0003  3.51844907875147E-0001  6.98455998636746E-0001  8.41470984807529E-0001  6.98455998636746E-0001  3.51844907875147E-0001 -6.54070696910480E-0003 -2.01629367435316E-0001 -1.81639791105454E-0001 -3.27291525069882E-0002  1.00248125275698E-0001  1.21354197903202E-0001  3.98712226777320E-0002 -5.82272349580535E-0002 -6.84908819671364E-0002  2.21047546814646E-0002  1.12058624113160E-0001  1.15356136847140E-0001  6.53930773449929E-0003 -1.45231376723814E-0001 -2.17184318351201E-0001 -1.24111881387648E-0001  1.08919809058307E-0001  3.51844907875147E-0001  4.54648713413007E-0001  3.51844907875147E-0001  1.08919809058307E-0001 -1.24111881387648E-0001 -2.17184318351201E-0001 -1.45231376723814E-0001  6.53930773449929E-0003  1.15356136847140E-0001  1.12058624113160E-0001  2.21047546814646E-0002 -6.84908819671364E-0002 -8.13921799048103E-0002 -6.53697607554449E-0003  9.02658710250535E-0002  1.27598635095637E-0001  6.14676825877609E-0002 -7.49406829542067E-0002 -1.91784854932621E-0001 -2.10171522935070E-0001 -1.24111881387648E-0001 -6.54070696910480E-0003  4.70400026866287E-0002 -6.54070696910480E-0003 -1.24111881387648E-0001 -2.10171522935070E-0001 -1.91784854932621E-0001 -7.49406829542067E-0002  6.14676825877609E-0002  1.27598635095637E-0001  9.02658710250535E-0002 -6.53697607554449E-0003 -8.13921799048103E-0002 -9.05022895892671E-0002 -4.17796982276286E-0002  5.16786593145184E-0002  1.21354197903202E-0001  1.10991773450110E-0001  1.86864368169779E-0002 -1.03622290260546E-0001 -1.91784854932621E-0001 -2.17184318351201E-0001 -2.01629367435316E-0001 -1.89200623826991E-0001 -2.01629367435316E-0001 -2.17184318351201E-0001 -1.91784854932621E-0001 -1.03622290260546E-0001  1.86864368169779E-0002  1.10991773450110E-0001  1.21354197903202E-0001  5.16786593145184E-0002 -4.17796982276286E-0002 -9.05022895892671E-0002 -8.79203450517707E-0002 -7.42915350862177E-0002 -9.75520434063348E-0004  8.51882352501434E-0002  1.27914465192362E-0001  1.00248125275698E-0001  1.86864368169779E-0002 -7.49406829542067E-0002 -1.45231376723814E-0001 -1.81639791105454E-0001 -1.91784854932621E-0001 -1.81639791105454E-0001 -1.45231376723814E-0001 -7.49406829542067E-0002  1.86864368169779E-0002  1.00248125275698E-0001  1.27914465192362E-0001  8.51882352501434E-0002 -9.75520434063348E-0004 -7.42915350862177E-0002 -8.79203450517707E-0002 -6.74071508950647E-0002 -9.09741963303077E-0002 -5.44021110889616E-0002  2.21047546814646E-0002  9.51366319222871E-0002  1.27914465192362E-0001  1.10991773450110E-0001  6.14676825877609E-0002  6.53930773449929E-0003 -3.27291525069882E-0002 -4.65692496998145E-0002 -3.27291525069882E-0002  6.53930773449929E-0003  6.14676825877609E-0002  1.10991773450110E-0001  1.27914465192362E-0001  9.51366319222871E-0002  2.21047546814646E-0002 -5.44021110889616E-0002 -9.09741963303077E-0002 -6.74071508950647E-0002 -2.88452448122598E-0002 -8.05697798323308E-0002 -8.78605757708328E-0002 -4.61727331013435E-0002  2.21047546814646E-0002  8.51882352501434E-0002  1.21354197903202E-0001  1.27598635095637E-0001  1.15356136847140E-0001  1.00248125275698E-0001  9.38552283884064E-0002  1.00248125275698E-0001  1.15356136847140E-0001  1.27598635095637E-0001  1.21354197903202E-0001  8.51882352501434E-0002  2.21047546814646E-0002 -4.61727331013435E-0002 -8.78605757708328E-0002 -8.05697798323308E-0002 -2.88452448122598E-0002  1.85521924233285E-0002 -4.16073790755718E-0002 -8.39530804863671E-0002 -8.78605757708328E-0002 -5.44021110889616E-0002 -9.75520434063348E-0004  5.16786593145184E-0002  9.02658710250535E-0002  1.12058624113160E-0001  1.21354197903202E-0001  1.23669780827868E-0001  1.21354197903202E-0001  1.12058624113160E-0001  9.02658710250535E-0002  5.16786593145184E-0002 -9.75520434063348E-0004 -5.44021110889616E-0002 -8.78605757708328E-0002 -8.39530804863671E-0002 -4.16073790755718E-0002  1.85521924233285E-0002  5.76305754894406E-0002  1.26375416419364E-0002 -4.16073790755718E-0002 -8.05697798323308E-0002 -9.09741963303077E-0002 -7.42915350862177E-0002 -4.17796982276286E-0002 -6.53697607554449E-0003  2.21047546814646E-0002  3.98712226777320E-0002  4.57909428046150E-0002  3.98712226777320E-0002  2.21047546814646E-0002 -6.53697607554449E-0003 -4.17796982276286E-0002 -7.42915350862177E-0002 -9.09741963303077E-0002 -8.05697798323308E-0002 -4.16073790755718E-0002  1.26375416419364E-0002  5.76305754894406E-0002  7.07098052747597E-0002  5.76305754894406E-0002  1.85521924233285E-0002 -2.88452448122598E-0002 -6.74071508950647E-0002 -8.79203450517707E-0002 -9.05022895892671E-0002 -8.13921799048103E-0002 -6.84908819671364E-0002 -5.82272349580535E-0002 -5.44021110889616E-0002 -5.82272349580535E-0002 -6.84908819671364E-0002 -8.13921799048103E-0002 -9.05022895892671E-0002 -8.79203450517707E-0002 -6.74071508950647E-0002 -2.88452448122598E-0002  1.85521924233285E-0002  5.76305754894406E-0002  7.07098052747597E-0002 